Person 28.16 308.33512 57.6 360.79032
Person 37.76 312.17304 61.44 350.55496000000005
Person 72.96 305.77628 97.92 335.84180000000003
Person 111.36 312.17304 141.44 340.3196
Person 115.2 295.54091999999997 456.32 658.8900799999999
Person 167.68 304.49652000000003 199.04 345.43728
Person 224.0 299.37884 242.56 337.12156
Person 245.12 319.20968 268.8 350.55496000000005
Person 421.76 295.54091999999997 448.0 332.00388
Person 448.0 296.82 476.16 345.43728
Person 494.08 305.77628 554.88 429.23776000000004
Person 500.48 289.14416 791.04 536.70768
Person 502.4 295.54091999999997 520.32 335.84180000000003
Person 547.84 285.94544 628.48 446.50975999999997
Person 617.6 298.09976 742.4 514.318
Person 689.92 292.98208 755.2 374.22371999999996
Person 741.12 304.49652000000003 775.04 362.06940000000003
Person 963.84 235.4092 981.12 278.26892
