Person 58.88 423.680256 90.24 488.319744
Person 117.12 399.99974399999996 135.68 421.11974399999997
Person 144.64 414.08025599999996 181.76 440.96025599999996
Person 254.72 386.559744 270.08 444.800256
Person 294.4 437.120256 321.92 520.3199999999999
Person 376.32 399.99974399999996 394.88 476.799744
Person 398.72 412.79999999999995 423.68 487.040256
Person 454.4 403.839744 474.24 479.36025600000005
Person 499.2 398.72025600000006 516.48 464.64
Person 592.0 407.679744 613.12 468.48
Person 603.52 399.99974399999996 613.12 419.840256
Person 613.12 408.96 638.08 481.91999999999996
Person 721.28 399.99974399999996 739.84 455.04
Person 739.84 403.839744 758.4 468.48
Person 790.4 394.23974400000003 824.32 489.59999999999997
Person 823.04 407.679744 848.0 452.480256
Person 864.0 407.679744 887.68 473.60025599999994
Person 904.96 394.23974400000003 918.4 424.959744
Person 935.68 384.0 942.08 410.24025600000004
